ADHD,6606.2,30699,44362.0
Drugs,3418.9,18283,222686.0
AskReddit,2501.9,17550,10344949.0
Epilepsy,2341.1,8031,2694.0
steroids,1380.8,6005,22340.0
migraine,1365.6,5111,5528.0
BipolarReddit,1328.6,5458,12823.0
diabetes,1181.9,4857,12869.0
asktransgender,1159.4,5061,23192.0
bipolar,1156.7,4841,15320.0
Nootropics,1027.5,4944,64810.0
infertility,977.4,3472,3567.0
IAmA,825.7,5777,9923754.0
AskDocs,685.6,2797,12005.0
MultipleSclerosis,659.4,2317,3266.0
depression,579.6,2947,121477.0
opiates,573.7,2451,18732.0
science,552.0,3865,10046724.0
Anxiety,473.6,2302,72519.0
trees,403.9,2381,785875.0
Stims,403.6,1483,4721.0
AdviceAnimals,373.2,2468,4102785.0
ChronicPain,347.8,1329,6622.0
CrohnsDisease,345.2,1336,7413.0
todayilearned,316.6,2219,10218619.0
